79242
66596
53551
49675
48686
43418
42657
42375
38497
38164
36975
36329
36311
34268
31411
30987
30720
30283
29787
28766
28337
27815
27599
25751
25648
25254
24514
24060
23905
22514
22196
21562
21552
21202
21081
20253
19291
19269
19247
18935
18060
17874
17086
16997
16714
16441
16424
15822
15143
14908
14692
14382
14353
14353
13881
13790
13764
13747
13565
13555
13546
13425
13362
13325
12940
12938
12515
12391
12240
12115
12042
12037
11838
11795
11506
11395
11377
11350
11199
11161
10991
10927
10854
10848
10844
10712
10543
10386
10329
10327
10184
10029
9991
9927
9654
9644
9593
9560
9497
9457
9435
9415
9257
9190
9061
8938
8913
8878
8821
8759
8738
8694
8485
8477
8360
8336
8298
8273
8210
8200
8159
8111
8099
8069
8053
8007
7984
7957
7901
7900
7853
7820
7796
7771
7593
7484
7369
7318
7210
7194
7182
7180
7173
7137
7078
6980
6936
6924
6900
6792
6620
6592
6562
6562
6517
6421
6380
6379
6278
6245
6242
6218
6163
6146
6137
6124
5879
5864
5861
5822
5761
5742
5720
5717
5690
5658
5565
5515
5497
5445
5420
5417
5401
5392
5366
5352
5337
5320
5316
5250
5250
5186
5178
5136
5131
5104
5095
5091
5040
5038
