110994
42399
33603
30546
27437
25758
23356
22604
22562
22108
20709
19793
19596
16366
15101
14244
14056
12945
11285
10573
10383
9334
9013
8991
8937
8826
8567
8338
8007
7928
7879
7242
7225
7183
7128
7073
7042
7010
6930
6597
6574
6450
6428
6319
6315
6252
6134
5547
5378
4990
4925
4812
4758
4741
4607
4581
4581
4519
4495
4450
4396
4302
4270
4250
4242
4197
4189
4123
4057
4035
3961
3878
3861
3837
3804
3801
3788
3741
3716
3690
3684
3665
3662
3615
3611
3582
3576
3575
3555
3543
3516
3493
3488
3469
3398
3302
3282
3281
3234
3224
