79242
66596
53551
49675
48686
43418
42657
42375
38497
38164
36975
36329
36311
34268
31411
30987
30720
30283
29787
28766
28337
27815
27599
25751
25648
25254
24514
24060
23905
22514
22196
21562
21552
21202
21081
20253
19291
19269
19247
18935
18060
17874
17086
16997
16714
16441
16424
15822
15143
14908
14692
14382
14353
14353
13881
13790
13764
13747
13565
13555
13546
13425
13362
13325
12940
12938
12515
12391
12240
12115
12042
12037
11838
11795
11506
11395
11377
11350
11199
11161
10991
10927
10854
10848
10844
10712
10543
10386
10329
10327
10184
10029
9991
9927
9654
9644
9593
9560
9497
9457
9435
9415
9257
9190
9061
8938
8913
8878
8821
8759
8738
8694
8485
8477
8360
8336
8298
8273
8210
8200
8159
8111
8099
8069
8053
8007
7984
7957
7901
7900
7853
7820
7796
7771
7593
7484
7369
7318
7210
7194
7182
7180
7173
7137
7078
6980
6936
6924
6900
6792
6620
6592
6562
6562
6517
6421
6380
6379
6278
6245
6242
6218
6163
6146
6137
6124
5879
5864
5861
5822
5761
5742
5720
5717
5690
5658
5565
5515
5497
5445
5420
5417
5401
5392
5366
5352
5337
5320
5316
5250
5250
5186
5178
5136
5131
5104
5095
5091
5040
5038
5023
5019
5004
4976
4963
4896
4841
4796
4765
4750
4744
4711
4706
4671
4603
4571
4552
4539
4520
4482
4443
4422
4397
4389
4388
4375
4358
4316
4310
4303
4298
4236
4200
4196
4191
4189
4174
4111
4057
4050
4046
4046
4038
4030
4019
4013
4000
3979
3979
3945
3937
3925
3908
3892
3884
3878
3856
3855
3807
3797
3779
3766
3743
3725
3722
3714
3680
3662
3640
3627
3625
3621
3621
3613
3555
3534
3531
3477
3458
3454
3448
3444
3440
3436
3429
3427
3411
3405
3392
3381
3370
3361
3350
3348
3341
3334
3332
3317
3302
3298
3296
3296
3288
3241
3228
3223
3218
3208
3205
3204
3192
3191
3168
3162
3158
3143
3127
3115
3087
3065
3055
3055
3037
3018
3008
3003
2999
2980
2970
2958
2945
2939
2920
2900
2888
2866
2866
2835
2822
2822
2815
2732
2723
2714
2712
2707
2700
2693
2673
2662
2636
2635
2634
2625
2623
2613
2587
2584
2573
2556
2554
2554
2536
2533
2523
2513
2492
2486
2483
2479
2470
2464
2464
2437
2425
2422
2418
2411
2404
2392
2382
2382
2380
2379
2372
2365
2328
2297
2296
2286
2281
2266
2265
2263
2262
2255
2253
2253
2250
2240
2226
2222
2212
2206
2173
2169
2159
2156
2151
2143
2140
2086
2080
2073
2069
2063
2053
2051
2049
2049
2048
2035
2031
2028
2017
2015
2009
2008
2004
2002
1989
1981
1980
1977
1965
1953
1953
1948
1944
1943
1940
1915
1912
1907
1905
1901
1897
1894
1868
1863
1858
1850
1837
1836
1834
1831
1826
1821
1805
1796
1794
1763
1763
1760
1759
1751
1747
1739
1735
1734
1733
1716
1712
1698
1693
1692
1691
1689
1685
1683
1681
1667
1666
1661
1660
1658
1654
1647
1636
1621
1608
1598
1594
1594
1593
1565
1557
1553
1549
1548
1547
1535
1533
1532
1531
1530
1521
1515
1505
1503
1495
1489
1484
1479
1478
1473
1472
1461
1460
1441
1437
1431
1429
1421
1419
1419
1417
1413
1400
1397
1392
1385
1385
1382
1381
1373
1370
1363
1359
1356
1355
1353
1352
1329
1324
1323
1321
1317
1317
1314
1311
1309
1304
1296
1294
1285
1284
1278
1277
1277
1254
1253
1251
1248
1247
1225
1213
1209
1207
1202
1198
1194
1190
1187
1186
1184
1184
1181
1179
1178
1175
1174
1174
1165
1153
1150
1148
1148
1144
1143
1139
1139
1138
1127
1125
1117
1115
1112
1110
1105
1102
1094
1093
1090
1085
1084
1082
1078
1073
1069
1068
1064
1061
1060
1060
1052
1047
1046
1045
1042
1040
1034
1032
1029
1028
1027
1025
1024
1023
1020
1010
1007
1001
1000
1000
994
994
993
987
984
984
981
980
980
970
967
965
965
963
962
959
959
957
956
954
952
949
949
945
941
941
940
939
938
936
934
934
933
932
931
928
927
924
923
922
920
916
916
915
915
915
914
909
907
906
905
902
899
895
894
894
890
886
877
873
870
870
869
867
861
859
857
856
850
849
847
846
845
844
840
839
835
834
834
833
833
830
826
820
819
817
817
814
814
810
810
809
808
799
796
795
794
793
792
788
786
784
782
782
780
780
778
778
775
773
773
770
770
769
768
