1150
1104
838
813
660
647
638
608
551
536
531
513
503
497
475
460
459
445
435
428
426
423
414
404
391
389
367
367
358
356
346
345
345
342
340
339
314
313
291
286
282
279
271
247
236
231
231
231
230
228
228
220
219
216
212
212
210
210
206
206
205
205
204
202
201
200
199
198
197
188
186
183
181
179
179
175
172
170
170
168
166
165
163
161
160
156
156
155
154
150
150
150
146
145
144
144
142
140
140
140
140
140
138
135
135
134
134
134
134
131
128
128
128
128
126
126
123
122
121
120
118
118
115
114
114
112
112
112
111
107
106
105
104
104
103
103
103
103
102
102
102
102
101
100
99
98
98
97
96
96
96
95
95
94
94
94
93
93
92
91
91
90
90
89
89
88
88
88
88
88
86
85
85
85
84
83
81
81
81
80
79
79
78
76
75
75
74
74
74
74
74
74
73
73
73
72
72
71
71
70
70
70
70
69
69
69
69
68
68
68
67
67
66
66
66
66
65
65
65
64
64
63
63
62
61
61
61
61
61
60
60
60
60
59
59
59
59
59
58
58
58
58
58
57
57
57
57
57
56
56
56
56
56
55
55
55
55
55
55
54
54
54
54
54
54
53
53
53
53
53
52
52
52
51
49
49
49
49
49
48
48
48
48
48
48
47
47
47
46
46
46
46
46
45
45
45
45
45
44
44
44
44
44
44
44
43
43
43
43
43
42
42
42
42
42
42
42
42
41
41
41
40
40
40
40
40
40
40
39
39
39
39
39
39
38
38
38
37
37
37
37
37
37
37
37
37
36
36
36
36
36
36
36
35
35
35
35
35
35
34
34
34
34
34
34
34
34
33
33
33
33
33
33
33
33
33
32
32
32
32
32
32
32
32
32
31
31
31
31
31
31
31
31
30
30
30
30
30
30
30
30
29
29
29
29
29
29
29
29
28
28
28
28
28
28
28
28
28
28
28
27
27
27
27
27
27
27
27
27
27
27
27
27
27
26
26
26
26
26
26
26
26
26
26
26
26
26
25
25
25
25
25
25
25
25
25
25
25
25
25
25
25
24
24
24
24
24
24
24
24
23
23
23
23
23
23
23
23
23
23
23
23
23
23
22
22
22
22
22
22
22
22
22
22
21
21
21
21
21
21
