1170
855
438
432
378
366
354
353
350
326
276
216
196
187
176
160
158
157
145
135
135
135
132
130
122
120
109
94
93
91
88
85
81
79
78
78
78
77
76
71
68
67
66
64
64
64
64
63
62
60
59
58
57
56
56
55
55
55
53
53
53
52
52
51
50
50
50
48
48
48
47
47
47
47
47
46
44
43
43
43
42
42
41
40
40
40
39
39
39
38
37
37
36
36
36
35
35
35
34
33
33
33
32
32
32
32
32
32
31
31
31
31
31
31
31
30
30
30
30
30
30
30
29
29
29
29
29
29
29
29
28
28
28
28
27
27
27
27
27
27
27
27
27
26
26
26
26
26
26
26
26
26
26
26
26
26
26
25
25
24
24
24
24
24
24
24
24
24
24
24
23
23
23
23
23
23
23
23
23
23
23
23
23
22
22
22
22
22
22
22
22
21
21
21
21
21
21
20
20
20
20
20
20
20
20
20
20
20
20
20
19
19
19
19
19
19
19
19
19
19
19
19
18
18
18
18
18
18
18
18
18
18
18
18
18
18
18
18
18
18
17
17
17
17
17
17
17
17
17
17
17
17
17
17
17
17
16
16
16
16
16
16
16
16
16
16
16
16
16
16
16
16
16
16
16
16
16
15
15
15
15
15
15
15
15
15
15
15
15
15
15
15
15
14
14
14
14
14
14
14
