1147
1109
875
821
813
676
639
638
629
608
595
588
572
551
531
513
503
491
445
445
440
436
433
428
426
423
404
394
394
389
389
385
382
361
356
345
341
341
339
338
336
307
307
291
289
286
284
282
281
280
278
276
270
261
247
246
242
235
233
229
227
226
221
219
217
216
216
216
211
210
210
210
210
205
204
204
201
201
199
197
197
196
194
185
184
183
179
178
177
176
170
170
169
167
166
163
161
161
158
155
154
150
146
143
143
142
142
140
139
139
139
139
138
138
137
135
135
134
134
133
132
131
130
130
129
128
126
125
123
120
120
118
117
116
114
114
113
112
112
111
111
110
110
109
109
106
104
103
103
103
103
102
102
102
102
101
101
101
100
99
98
97
97
97
95
95
95
94
94
93
93
93
93
92
92
91
91
90
89
89
88
88
88
86
86
86
85
85
85
84
83
82
81
81
80
79
79
79
79
79
