3563
2964
2863
2486
2392
1744
1705
1681
1648
1578
1383
1362
1303
1258
1233
1073
1068
1043
1015
1015
909
885
881
844
808
754
713
688
688
660
629
626
620
591
590
575
563
549
540
536
521
497
485
479
476
462
461
454
445
432
432
392
388
388
387
371
366
340
333
329
317
310
303
291
285
281
270
261
258
258
255
255
251
249
248
246
246
244
243
242
241
239
238
236
235
232
219
216
214
212
200
199
196
185
180
175
175
164
164
160
159
159
150
145
144
142
136
134
131
130
120
114
102
100
99
98
83
82
79
79
78
74
74
72
72
69
68
67
67
65
64
60
56
53
53
50
49
48
46
45
45
44
44
39
39
39
38
37
34
34
34
31
30
29
28
28
27
25
21
21
21
20
19
18
16
14
14
12
12
12
11
11
10
9
8
8
8
8
7
7
7
7
6
6
6
5
5
5
4
4
4
4
4
4
4
4
4
4
4
4
3
3
3
3
2
2
2
2
2
2
2
2
1
1
1
1
1
1
1
1
1
1
1
1
