1 8112
2 1499
3 647
4 361
5 220
6 128
7 105
8 76
9 66
10 49
11 60
12 30
13 24
14 22
15 22
16 19
17 20
18 23
19 19
20 15
21 6
22 7
23 15
24 12
25 6
26 14
27 11
28 6
29 11
30 9
31 8
32 8
33 3
34 3
36 3
37 2
39 2
40 1
41 5
42 1
43 5
44 2
45 1
47 4
48 3
49 2
50 2
51 1
52 2
53 2
55 3
56 2
57 2
59 3
60 3
61 1
62 1
63 1
64 3
65 2
66 1
67 2
68 2
69 1
74 1
76 2
77 1
78 3
79 1
80 1
81 1
82 1
84 1
85 1
88 1
91 1
94 1
97 1
100 1
101 1
106 1
121 1
122 1
124 1
135 2
139 1
140 1
141 1
143 1
145 1
150 1
151 1
157 1
158 1
160 1
164 1
174 1
179 1
181 1
182 1
187 1
196 1
214 1
236 1
278 1
297 1
326 1
350 1
353 1
355 1
367 1
378 1
438 1
855 1
1170 1
