1 117489
2 30285
3 13784
4 8531
5 5597
6 4101
7 3066
8 2504
9 1999
10 1698
11 1470
12 1238
13 1103
14 1017
15 828
16 753
17 727
18 635
19 535
20 507
21 460
22 421
23 395
24 372
25 326
26 305
27 289
28 285
29 269
30 234
31 232
32 229
33 227
34 228
35 189
36 210
37 174
38 178
39 140
40 145
41 152
42 128
43 131
44 125
45 121
46 122
47 104
48 101
49 108
50 118
51 115
52 88
53 81
54 88
55 96
56 90
57 59
58 76
59 65
60 68
61 76
62 56
63 59
64 86
65 66
66 52
67 46
68 66
69 72
70 49
71 58
72 47
73 41
74 46
75 30
76 55
77 49
78 45
79 54
80 34
81 43
82 40
83 44
84 42
85 39
86 37
87 34
88 37
89 44
90 30
91 30
92 20
93 29
94 32
95 32
96 25
97 23
98 40
99 25
100 40
101 32
102 19
103 31
104 20
105 29
106 24
107 19
108 19
109 20
110 14
111 28
112 16
113 22
114 21
115 19
116 22
117 19
118 23
119 18
120 19
121 19
122 15
123 21
124 27
125 24
126 19
127 16
128 15
129 17
130 24
131 9
132 18
133 16
134 26
135 16
136 19
137 17
138 14
139 9
140 11
141 16
142 26
143 7
144 12
145 7
146 16
147 14
148 11
149 7
150 9
151 13
152 10
153 9
154 14
155 11
156 14
157 17
158 13
159 10
160 11
161 22
162 13
163 16
164 11
165 6
166 13
167 6
168 12
169 6
170 6
171 7
172 13
173 5
174 6
175 6
176 14
177 7
178 13
179 9
180 11
181 12
182 12
183 12
184 9
185 10
186 4
187 15
188 12
189 9
190 10
191 5
192 10
193 5
194 8
195 8
196 11
197 9
198 7
199 13
200 9
201 8
202 11
203 10
204 8
205 7
206 5
207 6
208 8
209 8
210 8
211 4
212 7
213 3
214 6
215 4
216 2
217 4
218 7
219 5
220 9
221 5
222 6
223 6
224 8
225 4
226 7
227 3
228 4
229 8
230 7
231 4
232 6
233 6
234 9
235 4
236 8
237 5
238 6
239 4
240 6
241 6
242 1
243 13
244 9
245 4
246 7
247 4
248 4
249 6
250 7
251 2
252 9
253 4
254 9
255 3
256 7
257 4
258 5
259 3
260 4
261 4
262 4
263 6
264 4
265 4
266 6
267 1
268 1
269 3
270 2
271 3
272 4
273 1
274 4
275 6
276 6
277 7
278 2
279 6
280 5
281 6
282 2
283 6
284 5
285 5
286 4
287 3
288 7
289 3
290 6
291 3
292 3
293 2
294 2
295 6
296 4
297 3
298 5
299 6
300 5
301 4
302 2
303 6
304 2
305 5
306 5
307 4
308 2
309 3
310 7
311 2
312 8
313 4
314 1
315 4
316 2
317 1
318 3
319 4
320 4
321 1
322 3
323 7
324 2
325 3
326 5
327 3
328 3
329 2
330 3
331 4
332 4
333 3
334 2
335 5
336 4
337 3
338 1
339 2
340 1
341 3
342 4
343 2
344 1
345 2
347 1
348 3
349 3
350 2
351 5
352 5
354 4
355 8
356 4
357 3
358 7
360 2
361 3
362 4
363 1
364 1
365 1
366 1
367 3
369 1
371 2
372 2
373 6
374 4
375 1
376 2
377 4
379 3
381 2
383 4
384 4
387 1
388 6
389 1
390 3
392 4
393 2
394 2
397 4
398 2
400 1
402 1
404 1
405 3
406 1
407 1
408 1
409 1
410 1
411 2
412 4
413 1
414 2
415 8
416 2
419 3
420 3
421 1
422 4
423 1
424 1
425 3
426 3
427 5
428 1
429 3
431 2
433 4
434 1
436 2
437 2
438 1
439 2
440 1
441 4
442 2
443 2
444 2
445 1
446 3
447 3
448 3
449 5
450 1
451 1
452 1
453 1
454 1
455 2
456 1
457 2
458 1
459 2
460 3
462 1
463 1
464 1
465 1
466 1
467 3
468 1
469 3
471 1
472 1
473 2
474 3
476 5
479 1
480 4
482 1
484 1
486 2
487 2
488 1
489 1
490 1
491 1
492 2
493 1
495 1
496 1
499 2
500 2
503 1
505 1
506 2
507 2
508 1
509 1
511 3
512 2
514 1
518 2
520 3
521 1
523 1
524 1
525 2
526 1
530 1
531 3
532 2
533 1
534 1
536 1
539 1
540 1
542 1
543 1
544 1
546 1
548 4
551 3
552 2
553 1
555 2
556 2
557 1
558 2
559 1
561 2
562 1
564 1
565 1
566 1
568 4
569 1
570 1
571 2
572 1
577 2
579 1
583 3
584 1
585 1
590 3
591 2
593 1
597 1
601 1
603 1
605 1
608 1
609 1
610 3
611 1
612 3
613 1
618 1
621 2
622 1
623 1
624 2
625 1
629 1
630 1
631 1
632 1
633 3
638 2
639 3
640 1
641 1
644 1
645 1
646 1
647 2
648 1
650 2
654 1
656 1
659 1
660 1
662 1
663 1
664 2
665 2
668 1
670 1
671 2
672 2
673 1
674 1
675 1
676 1
683 1
684 1
686 1
688 1
689 1
690 1
693 1
694 1
696 2
697 3
698 1
700 1
702 1
707 1
714 1
715 1
716 1
717 1
719 1
720 1
721 1
723 1
724 1
725 1
726 2
729 1
730 2
731 1
738 1
740 1
741 1
742 1
743 1
744 1
748 1
751 1
752 1
753 2
754 1
755 1
756 1
758 2
759 1
760 1
762 1
765 1
768 1
770 1
771 1
778 1
781 1
784 1
786 1
789 1
790 1
795 2
798 1
802 1
806 1
808 1
809 1
811 1
813 2
817 2
818 1
821 2
822 1
824 2
825 1
826 1
828 1
831 2
833 1
836 1
838 1
845 1
847 1
849 1
851 1
852 1
854 1
857 1
870 2
875 1
880 1
881 1
884 1
886 1
890 2
898 1
902 1
906 1
908 2
916 1
918 1
920 1
925 1
926 1
930 1
931 2
934 1
936 1
938 2
943 1
944 1
948 2
952 1
955 2
956 1
957 1
958 1
962 1
966 1
968 1
973 1
976 1
977 1
981 1
984 1
985 1
986 1
990 1
997 1
998 1
1004 1
1005 1
1016 1
1029 1
1030 2
1033 1
1036 2
1038 1
1043 1
1046 1
1049 1
1051 1
1053 1
1062 1
1063 2
1072 1
1076 1
1080 3
1086 1
1087 1
1093 1
1105 1
1111 2
1115 2
1117 1
1122 2
1127 1
1128 1
1132 1
1143 1
1144 1
1149 1
1165 1
1167 1
1168 1
1172 1
1175 1
1179 2
1184 1
1185 2
1199 1
1200 1
1203 2
1208 2
1212 1
1221 2
1222 1
1226 2
1229 1
1235 1
1241 1
1245 1
1247 1
1248 1
1253 1
1260 1
1261 1
1262 1
1264 1
1267 1
1275 1
1280 1
1287 1
1288 1
1293 1
1296 2
1297 2
1298 1
1301 1
1308 1
1311 1
1321 1
1328 1
1338 1
1348 1
1350 1
1366 1
1368 2
1370 1
1371 1
1373 1
1379 1
1385 1
1410 1
1417 1
1422 1
1425 1
1429 1
1440 1
1460 1
1467 1
1470 1
1474 1
1476 1
1480 1
1485 1
1503 1
1507 1
1511 1
1518 1
1527 1
1529 1
1538 1
1557 1
1559 1
1574 1
1577 1
1580 1
1594 1
1613 1
1614 1
1615 1
1617 1
1647 1
1651 1
1660 1
1670 1
1681 1
1683 1
1701 1
1703 1
1704 1
1731 1
1736 1
1742 2
1743 1
1770 1
1789 1
1795 1
1811 1
1825 1
1849 1
1850 1
1855 1
1863 1
1864 1
1874 1
1882 1
1884 1
1886 1
1895 1
1903 2
1904 1
1911 1
1917 1
1928 1
1944 1
1949 1
1966 1
1978 1
1981 1
2001 1
2006 1
2016 1
2019 1
2020 1
2033 1
2037 1
2053 1
2075 1
2146 1
2173 1
2218 1
2246 1
2251 1
2266 1
2269 1
2306 1
2315 1
2339 1
2371 1
2408 1
2434 1
2493 1
2509 1
2528 1
2554 1
2580 1
2584 2
2589 1
2625 1
2631 1
2645 1
2650 1
2654 1
2676 1
2678 1
2690 1
2692 1
2714 1
2728 1
2775 1
2778 1
2840 1
2861 1
2891 1
2925 1
2932 1
2984 1
2987 1
3042 1
3071 1
3092 1
3158 1
3224 1
3234 1
3281 1
3282 1
3302 1
3398 1
3469 1
3488 1
3493 1
3516 1
3543 1
3555 1
3575 1
3576 1
3582 1
3611 1
3615 1
3662 1
3665 1
3684 1
3690 1
3716 1
3741 1
3788 1
3801 1
3804 1
3837 1
3861 1
3878 1
3961 1
4035 1
4057 1
4123 1
4189 1
4197 1
4242 1
4250 1
4270 1
4302 1
4396 1
4450 1
4495 1
4519 1
4581 2
4607 1
4741 1
4758 1
4812 1
4925 1
4990 1
5378 1
5547 1
6134 1
6252 1
6315 1
6319 1
6428 1
6450 1
6574 1
6597 1
6930 1
7010 1
7042 1
7073 1
7128 1
7183 1
7225 1
7242 1
7879 1
7928 1
8007 1
8338 1
8567 1
8826 1
8937 1
8991 1
9013 1
9334 1
10383 1
10573 1
11285 1
12945 1
14056 1
14244 1
15101 1
16366 1
19596 1
19793 1
20709 1
22108 1
22562 1
22604 1
23356 1
25758 1
27437 1
30546 1
33603 1
42399 1
110994 1
