79242
66596
53551
49675
48686
43418
42657
42375
38497
38164
36975
36329
36311
34268
31411
30987
30720
30283
29787
28766
28337
27815
27599
25751
25648
25254
24514
24060
23905
22514
22196
21562
21552
21202
21081
20253
19291
19269
19247
18935
18060
17874
17086
16997
16714
16441
16424
15822
15143
14908
14692
14382
14353
14353
13881
13790
13764
13747
13565
13555
13546
13425
13362
13325
12940
12938
12515
12391
12240
12115
12042
12037
11838
11795
11506
11395
11377
11350
11199
11161
10991
10927
10854
10848
10844
10712
10543
10386
10329
10327
10184
10029
9991
9927
9654
9644
9593
9560
9497
9457
