222114
218367
186589
181372
169808
138692
134897
125397
109844
106858
103632
92474
80632
79194
79106
78264
75742
73750
73474
71789
63947
63448
58996
55851
55471
54526
52409
51044
50980
49656
47328
47299
46892
45555
43731
42397
42194
41997
41616
40314
38207
38047
34708
32139
31283
30977
30795
30558
30354
30246
30205
29401
27611
25489
25149
24397
24371
23551
23443
22232
21897
21777
21327
20939
20383
20001
19856
19774
19351
18523
18325
18250
18162
17526
17077
16911
16336
16218
16046
15771
15343
12600
12267
12236
12183
11871
11747
11446
10989
10713
10663
10523
10511
10188
10097
10052
10046
9930
9922
9843
9726
9539
9440
9396
8889
8246
7990
7962
7893
7843
7753
7678
7567
7440
7343
7338
6853
6803
6618
6487
6293
5980
5752
5475
5447
5295
5149
5008
4896
4492
4390
4321
4287
4200
3932
3895
3661
3520
3457
3456
3321
3318
2976
2893
2871
2843
2813
2537
2532
2451
2426
2361
2338
2324
2301
2259
2232
2224
2202
2131
2109
2067
2047
2041
2014
1981
1974
1902
1899
1845
1839
1681
1680
1664
1548
1468
1388
1363
1346
1338
1307
1232
1213
1211
1138
1081
1032
968
956
938
935
924
910
892
875
853
852
847
824
814
761
759
746
720
717
704
700
696
669
659
652
637
632
631
608
590
587
576
562
533
508
491
489
487
460
460
447
438
438
429
417
416
388
388
379
372
365
363
362
361
357
343
338
327
311
304
300
297
296
294
293
286
286
278
261
252
247
239
237
233
220
209
197
193
189
185
181
178
175
169
159
158
157
141
140
130
130
128
125
117
115
112
112
110
109
108
106
97
95
87
87
86
79
75
75
74
74
73
72
72
