110994
42399
33603
30546
27437
25758
23356
22604
22562
22108
20709
19793
19596
16366
15101
14244
14056
12945
11285
10573
10383
9334
9013
8991
8937
8826
8567
8338
8007
7928
7879
7242
7225
7183
7128
7073
7042
7010
6930
6597
6574
6450
6428
6319
6315
6252
6134
5547
5378
4990
4925
4812
4758
4741
4607
4581
4581
4519
4495
4450
4396
4302
4270
4250
4242
4197
4189
4123
4057
4035
3961
3878
3861
3837
3804
3801
3788
3741
3716
3690
3684
3665
3662
3615
3611
3582
3576
3575
3555
3543
3516
3493
3488
3469
3398
3302
3282
3281
3234
3224
3158
3092
3071
3042
2987
2984
2932
2925
2891
2861
2840
2778
2775
2728
2714
2692
2690
2678
2676
2654
2650
2645
2631
2625
2589
2584
2584
2580
2554
2528
2509
2493
2434
2408
2371
2339
2315
2306
2269
2266
2251
2246
2218
2173
2146
2075
2053
2037
2033
2020
2019
2016
2006
2001
1981
1978
1966
1949
1944
1928
1917
1911
1904
1903
1903
1895
1886
1884
1882
1874
1864
1863
1855
1850
1849
1825
1811
1795
1789
1770
1743
1742
1742
1736
1731
1704
1703
1701
1683
1681
1670
1660
1651
1647
1617
1615
1614
1613
1594
1580
1577
1574
1559
1557
1538
1529
1527
1518
1511
1507
1503
1485
1480
1476
1474
1470
1467
1460
1440
1429
1425
1422
1417
1410
1385
1379
1373
1371
1370
1368
1368
1366
1350
1348
1338
1328
1321
1311
1308
1301
1298
1297
1297
1296
1296
1293
1288
1287
1280
1275
1267
1264
1262
1261
1260
1253
1248
1247
1245
1241
1235
1229
1226
1226
1222
1221
1221
1212
1208
1208
1203
1203
1200
1199
1185
1185
1184
1179
1179
1175
1172
1168
1167
1165
1149
1144
1143
1132
1128
1127
1122
1122
1117
1115
1115
1111
1111
1105
1093
1087
1086
1080
1080
1080
1076
1072
1063
1063
1062
1053
1051
1049
1046
1043
1038
1036
1036
1033
1030
1030
1029
1016
1005
1004
998
997
990
986
985
984
981
977
976
973
968
966
962
958
957
956
955
955
952
948
948
944
943
938
938
936
934
931
931
930
926
925
920
918
916
908
908
906
902
898
890
890
886
884
881
880
875
870
870
857
854
852
851
849
847
845
838
836
833
831
831
828
826
825
824
824
822
821
821
818
817
817
813
813
811
809
808
806
802
798
795
795
790
789
786
784
781
778
771
770
768
765
762
760
759
758
758
756
755
754
753
753
752
751
748
744
743
742
741
740
738
731
730
730
729
726
726
725
724
723
721
720
719
717
716
715
714
707
702
700
698
697
697
697
696
696
694
693
690
689
688
686
684
683
676
675
674
673
672
672
671
671
670
668
665
665
664
664
663
662
660
659
656
654
650
650
648
647
647
646
645
644
641
640
639
639
