110994
42399
33603
30546
27437
25758
23356
22604
22562
22108
20709
19793
19596
16366
15101
14244
14056
12945
11285
10573
10383
9334
9013
8991
8937
8826
8567
8338
8007
7928
7879
7242
7225
7183
7128
7073
7042
7010
6930
6597
6574
6450
6428
6319
6315
6252
6134
5547
5378
4990
4925
4812
4758
4741
4607
4581
4581
4519
4495
4450
4396
4302
4270
4250
4242
4197
4189
4123
4057
4035
3961
3878
3861
3837
3804
3801
3788
3741
3716
3690
3684
3665
3662
3615
3611
3582
3576
3575
3555
3543
3516
3493
3488
3469
3398
3302
3282
3281
3234
3224
3158
3092
3071
3042
2987
2984
2932
2925
2891
2861
2840
2778
2775
2728
2714
2692
2690
2678
2676
2654
2650
2645
2631
2625
2589
2584
2584
2580
2554
2528
2509
2493
2434
2408
2371
2339
2315
2306
2269
2266
2251
2246
2218
2173
2146
2075
2053
2037
2033
2020
2019
2016
2006
2001
1981
1978
1966
1949
1944
1928
1917
1911
1904
1903
1903
1895
1886
1884
1882
1874
1864
1863
1855
1850
1849
1825
1811
1795
1789
1770
1743
1742
1742
1736
1731
1704
1703
1701
1683
1681
1670
1660
1651
1647
1617
1615
1614
1613
1594
1580
