3449
3099
2868
2508
2393
1746
1694
1652
1578
1418
1391
1349
1303
1101
1088
1075
1020
923
910
885
879
815
765
757
736
726
715
694
620
613
605
598
594
583
580
579
566
551
550
525
523
513
509
505
493
485
478
473
462
436
431
418
403
396
388
380
372
364
346
338
330
322
295
290
283
282
274
259
257
253
251
250
247
247
245
244
239
235
227
218
211
201
196
196
188
177
176
174
170
166
164
164
161
160
153
144
144
142
140
134
133
132
131
126
118
118
116
110
110
101
101
100
100
97
94
94
84
84
79
79
78
76
75
71
71
70
69
67
66
65
64
62
56
56
54
54
53
53
50
49
49
49
47
44
44
43
43
42
40
40
39
38
36
35
33
31
29
28
23
21
21
21
19
18
18
17
17
17
17
16
15
14
14
13
13
13
12
12
11
11
11
11
11
11
10
10
9
9
8
8
8
7
6
6
6
6
6
6
5
5
