79242
66596
53551
49675
48686
43418
42657
42375
38497
38164
36975
36329
36311
34268
31411
30987
30720
30283
29787
28766
28337
27815
27599
25751
25648
25254
24514
24060
23905
22514
22196
21562
21552
21202
21081
20253
19291
19269
19247
18935
18060
17874
17086
16997
16714
16441
16424
15822
15143
14908
14692
14382
14353
14353
13881
13790
13764
13747
13565
13555
13546
13425
13362
13325
12940
12938
12515
12391
12240
12115
12042
12037
11838
11795
11506
11395
11377
11350
11199
11161
10991
10927
10854
10848
10844
10712
10543
10386
10329
10327
10184
10029
9991
9927
9654
9644
9593
9560
9497
9457
9435
9415
9257
9190
9061
8938
8913
8878
8821
8759
8738
8694
8485
8477
8360
8336
8298
8273
8210
8200
8159
8111
8099
8069
8053
8007
7984
7957
7901
7900
7853
7820
7796
7771
7593
7484
7369
7318
7210
7194
7182
7180
7173
7137
7078
6980
6936
6924
6900
6792
6620
6592
6562
6562
6517
6421
6380
6379
6278
6245
6242
6218
6163
6146
6137
6124
5879
5864
5861
5822
5761
5742
5720
5717
5690
5658
5565
5515
5497
5445
5420
5417
5401
5392
5366
5352
5337
5320
5316
5250
5250
5186
5178
5136
5131
5104
5095
5091
5040
5038
5023
5019
5004
4976
4963
4896
4841
4796
4765
4750
4744
4711
4706
4671
4603
4571
4552
4539
4520
4482
4443
4422
4397
4389
4388
4375
4358
4316
4310
4303
4298
4236
4200
4196
4191
4189
4174
4111
4057
4050
4046
4046
4038
4030
4019
4013
4000
3979
3979
3945
3937
3925
3908
3892
3884
3878
3856
3855
3807
3797
3779
3766
3743
3725
3722
3714
3680
3662
3640
3627
3625
3621
3621
3613
3555
3534
3531
3477
3458
3454
3448
3444
3440
3436
3429
3427
3411
3405
3392
3381
3370
3361
3350
3348
3341
3334
3332
3317
3302
3298
3296
3296
3288
3241
3228
3223
3218
3208
3205
3204
3192
3191
3168
3162
3158
3143
3127
3115
3087
3065
3055
3055
3037
3018
3008
3003
2999
2980
2970
2958
2945
2939
2920
2900
2888
2866
2866
2835
2822
2822
2815
2732
2723
2714
2712
2707
2700
2693
2673
2662
2636
2635
2634
2625
2623
2613
2587
2584
2573
2556
2554
2554
2536
2533
2523
2513
2492
2486
2483
2479
2470
2464
2464
2437
2425
2422
2418
2411
2404
2392
2382
2382
2380
2379
2372
2365
2328
2297
2296
2286
2281
2266
2265
2263
2262
2255
2253
2253
2250
2240
2226
2222
2212
2206
2173
2169
2159
2156
2151
2143
2140
2086
2080
2073
2069
2063
2053
2051
2049
2049
2048
2035
2031
2028
2017
2015
2009
2008
2004
2002
1989
1981
1980
1977
1965
1953
1953
1948
1944
1943
1940
1915
1912
1907
1905
1901
1897
1894
1868
1863
1858
1850
1837
1836
1834
1831
1826
1821
1805
1796
1794
1763
1763
1760
1759
1751
1747
1739
1735
1734
1733
1716
1712
1698
1693
1692
1691
1689
1685
1683
1681
1667
1666
1661
1660
1658
1654
1647
1636
1621
1608
1598
1594
1594
1593
1565
1557
1553
1549
1548
1547
1535
1533
1532
1531
1530
1521
1515
1505
1503
1495
1489
1484
1479
1478
1473
1472
1461
1460
1441
1437
1431
1429
1421
1419
1419
1417
1413
1400
1397
1392
1385
1385
1382
1381
1373
1370
1363
1359
1356
1355
1353
1352
1329
1324
1323
1321
1317
1317
1314
1311
1309
1304
1296
1294
1285
1284
1278
1277
1277
1254
1253
1251
1248
1247
1225
1213
1209
1207
1202
1198
1194
1190
1187
1186
1184
1184
1181
1179
1178
1175
1174
1174
1165
1153
1150
1148
1148
1144
1143
1139
1139
1138
1127
1125
1117
1115
1112
1110
1105
1102
1094
1093
1090
1085
1084
1082
1078
1073
1069
1068
1064
1061
1060
1060
1052
1047
1046
1045
1042
1040
1034
1032
1029
1028
1027
1025
1024
1023
1020
1010
1007
1001
1000
1000
994
994
993
987
984
984
981
980
980
970
967
965
965
963
962
959
959
957
956
954
952
949
949
945
941
941
940
939
938
936
934
934
933
932
931
928
927
924
923
922
920
916
916
915
915
915
914
909
907
906
905
902
899
895
894
894
890
886
877
873
870
870
869
867
861
859
857
856
850
849
847
846
845
844
840
839
835
834
834
833
833
830
826
820
819
817
817
814
814
810
810
809
808
799
796
795
794
793
792
788
786
784
782
782
780
780
778
778
775
773
773
770
770
769
768
767
764
764
764
758
755
754
753
750
748
747
746
743
740
735
734
733
733
732
730
730
724
722
720
719
718
712
711
710
710
708
706
703
703
702
702
702
698
698
697
697
697
695
691
691
690
689
689
689
687
685
684
682
680
678
674
673
670
669
668
667
667
659
655
649
647
647
645
641
641
639
639
635
632
632
630
628
627
627
624
624
624
622
621
620
620
619
619
616
612
610
602
596
595
594
590
588
588
588
586
586
585
583
580
580
577
577
576
575
571
565
565
562
562
560
559
558
556
555
551
548
547
542
541
541
540
537
536
535
535
531
528
528
527
526
525
520
520
520
518
517
513
513
513
512
511
511
510
509
508
506
505
505
504
504
504
498
495
494
493
493
492
490
488
488
482
481
480
480
479
475
475
475
474
473
470
470
469
469
468
468
466
465
463
460
460
457
457
456
455
452
452
451
451
449
449
447
447
446
446
441
437
435
434
433
433
433
432
432
430
426
425
422
422
422
418
416
416
416
415
414
413
412
411
411
410
410
408
408
408
407
402
401
401
398
397
396
395
395
394
391
389
386
381
379
378
378
377
376
376
375
375
375
375
373
373
371
369
369
369
368
368
368
367
364
363
362
361
361
360
359
359
358
358
357
355
355
354
354
354
352
350
349
348
346
346
346
346
345
344
344
342
342
341
341
340
340
338
338
336
334
334
333
332
332
332
331
331
330
329
329
328
328
328
327
327
327
327
327
324
324
324
323
323
321
320
318
318
318
316
316
316
316
315
315
314
314
314
313
312
309
309
309
309
307
305
303
301
300
300
300
299
298
298
297
297
294
294
294
293
292
292
291
289
289
289
286
286
285
285
284
282
282
279
278
277
276
276
276
274
274
273
272
270
270
270
270
267
267
267
266
266
265
265
264
262
262
261
261
261
260
259
258
258
257
257
257
257
256
256
255
255
254
253
253
252
252
252
251
251
250
248
247
246
243
242
241
241
239
239
239
236
236
236
234
233
233
232
232
232
232
232
232
231
231
231
231
230
230
229
229
228
226
225
224
224
224
224
224
223
221
220
220
220
220
218
218
218
218
217
217
217
215
215
215
215
214
214
213
213
213
212
212
211
210
209
209
208
208
208
208
208
207
207
206
206
206
205
204
204
204
204
204
203
203
203
202
202
201
201
201
201
199
199
199
199
198
198
198
196
195
195
195
195
194
194
193
193
192
191
190
190
190
190
190
189
189
189
189
189
189
188
188
187
187
186
185
185
184
184
184
183
183
183
182
182
181
180
180
179
179
178
178
178
177
176
176
175
175
175
174
174
174
174
174
172
172
171
171
170
170
170
170
170
169
169
169
168
168
167
167
167
166
166
166
166
166
166
165
165
165
164
163
162
162
162
161
161
161
161
161
160
160
160
160
159
159
158
158
158
156
156
156
156
155
155
154
154
154
153
153
153
153
153
152
150
150
149
149
148
148
148
148
148
147
147
146
146
146
146
146
145
145
144
144
144
143
143
143
142
142
141
140
139
139
138
137
137
137
137
137
136
136
136
136
136
136
136
136
136
135
134
134
132
132
132
132
132
131
131
131
131
131
130
130
130
130
130
130
129
129
129
129
129
128
128
128
127
127
127
127
126
126
125
125
124
124
124
124
124
123
123
123
122
122
122
121
121
120
120
120
120
119
119
119
119
118
118
118
118
118
117
117
117
117
117
116
116
116
116
115
115
115
115
115
114
114
113
113
113
112
111
111
111
111
110
110
110
109
109
109
108
108
108
107
107
106
106
106
105
105
105
105
105
104
103
102
102
102
102
101
101
101
101
101
100
100
100
100
100
100
99
99
99
98
98
98
97
97
97
96
96
96
96
96
96
96
95
94
94
93
93
93
93
92
92
92
92
92
92
91
91
90
90
90
90
90
90
90
89
89
89
89
88
88
88
87
87
87
87
87
87
87
86
86
85
85
84
84
84
84
84
84
84
84
83
83
83
83
83
83
83
82
82
82
81
81
81
80
80
80
80
80
80
79
79
78
78
78
78
78
78
78
77
77
77
77
77
76
76
76
76
76
76
76
76
76
76
76
76
75
75
75
75
74
74
74
74
74
74
74
74
74
73
73
73
73
73
73
73
72
72
72
72
71
71
71
71
71
71
70
70
70
70
70
70
69
69
69
68
68
68
68
68
68
68
67
66
66
66
65
65
65
65
65
65
64
64
64
64
64
64
64
64
64
63
63
63
63
63
63
62
62
62
62
62
61
61
61
61
61
61
60
60
60
59
59
59
59
58
58
58
58
58
57
57
57
57
57
57
57
56
56
56
56
55
55
55
55
55
55
54
54
54
54
54
54
53
53
53
53
53
53
53
53
53
53
52
52
52
52
52
52
52
51
51
51
51
51
51
51
51
51
50
50
50
50
49
49
49
49
49
49
49
49
49
49
48
48
48
48
48
48
48
48
48
48
48
48
48
47
47
47
47
47
47
47
47
47
47
46
46
46
46
46
46
46
46
46
45
45
45
45
45
45
45
45
45
45
45
44
44
44
44
44
44
44
44
44
44
44
43
43
43
43
43
43
43
43
43
43
42
42
42
42
42
42
42
42
42
42
42
41
41
41
41
41
41
41
41
41
40
40
40
40
40
40
40
40
40
40
40
40
39
39
39
39
39
39
39
39
39
39
39
39
39
38
38
38
38
38
38
38
38
38
38
38
38
38
38
38
38
37
37
37
37
37
37
37
37
37
37
37
37
37
37
36
36
36
36
36
36
36
36
36
36
35
35
35
35
35
35
35
35
35
35
35
34
34
34
34
34
34
34
34
34
34
34
33
33
33
33
33
33
33
33
33
33
33
33
32
32
32
32
32
32
32
32
32
32
32
32
32
31
31
31
31
31
31
31
31
31
31
31
31
31
30
30
30
30
30
30
30
30
30
30
30
30
30
30
30
30
30
29
29
29
29
29
29
29
29
29
29
29
29
29
28
28
28
28
28
28
28
28
28
28
28
28
28
28
28
28
28
28
28
28
27
27
27
27
27
27
27
27
27
27
27
27
27
27
27
27
27
26
26
26
26
26
26
26
26
26
26
26
26
26
26
25
25
25
25
25
25
25
25
25
25
25
25
25
25
25
25
25
25
24
24
24
24
24
24
24
24
24
24
24
24
24
24
24
24
24
24
24
24
24
24
24
24
23
23
23
23
23
23
23
23
23
23
23
23
23
23
23
23
23
23
22
22
22
22
22
22
22
22
22
22
22
22
22
22
22
22
22
22
22
22
22
22
21
21
21
21
21
21
21
21
21
21
21
21
21
21
21
21
21
21
21
20
20
20
20
20
20
20
20
20
20
20
20
20
20
20
20
20
20
20
20
20
20
20
20
20
20
20
20
19
19
19
19
19
19
19
19
19
19
19
19
19
19
19
19
19
19
19
19
19
19
19
19
18
18
18
18
18
18
18
18
18
18
18
18
18
18
18
18
18
18
18
18
18
18
18
18
18
18
18
17
17
17
17
17
17
17
17
17
17
17
17
17
17
17
17
17
17
17
17
17
16
16
16
16
16
16
16
16
16
16
16
16
16
16
16
16
16
16
16
16
16
16
16
16
16
16
16
16
16
16
16
16
16
16
16
16
16
16
15
15
15
15
15
15
15
15
15
15
15
15
15
15
15
15
15
15
15
15
15
15
15
15
15
15
14
14
14
14
14
14
14
14
14
14
14
14
14
14
14
14
14
14
14
14
14
14
14
14
14
14
14
14
14
14
14
14
14
14
14
14
14
13
13
13
13
13
13
13
13
13
13
13
13
13
13
13
13
13
13
13
13
13
13
13
13
13
13
13
13
13
13
13
13
13
12
12
12
12
12
12
12
12
12
12
12
12
12
12
12
12
12
12
12
12
12
12
12
12
12
12
12
12
11
11
11
11
11
11
11
11
11
11
11
11
11
11
11
11
11
11
11
11
11
11
11
11
11
11
11
11
11
11
11
11
11
11
11
11
11
11
11
11
11
11
11
11
11
11
10
10
10
10
10
10
10
10
10
10
10
10
10
10
10
10
10
10
10
10
10
10
10
10
10
10
10
10
10
10
10
10
10
10
10
10
10
10
10
10
10
10
10
10
10
10
10
10
10
10
10
10
10
9
9
9
9
9
9
9
9
9
9
9
9
9
9
9
9
9
9
9
9
9
9
9
9
9
9
9
9
9
9
9
9
9
9
9
9
9
9
9
9
9
9
9
9
9
9
8
8
8
8
8
8
8
8
8
8
8
8
8
8
8
8
8
8
8
8
8
8
8
8
8
8
8
8
8
8
8
8
8
8
8
8
8
8
8
8
8
8
8
8
7
7
7
7
7
7
7
7
7
7
7
7
7
7
7
7
7
7
7
7
7
7
7
7
7
7
7
7
7
7
7
7
7
7
7
7
7
7
7
7
7
7
7
7
7
7
7
7
7
7
7
7
7
7
7
7
7
7
7
7
7
7
7
6
6
6
6
6
6
6
6
6
6
6
6
6
6
6
6
6
6
6
6
6
6
6
6
6
6
6
6
6
6
6
6
6
6
6
6
6
6
6
6
6
6
6
6
6
6
6
6
6
6
6
6
6
6
6
6
6
6
6
6
6
6
6
6
6
6
6
6
6
6
6
6
6
6
6
6
6
6
5
5
5
5
5
5
5
5
5
5
5
5
5
5
5
5
5
5
5
5
5
5
5
5
5
5
5
5
5
5
5
5
5
5
5
5
5
5
5
5
5
5
5
5
5
5
5
5
5
5
5
5
5
5
5
5
5
5
5
5
5
5
5
5
5
5
5
5
5
5
5
5
5
5
5
5
5
5
5
5
5
5
5
5
5
5
5
5
5
5
5
5
5
5
5
5
5
5
5
5
5
5
5
5
4
4
4
4
4
4
4
4
4
4
4
4
4
4
4
4
4
4
4
4
4
4
4
4
4
4
4
4
4
4
4
4
4
4
4
4
4
4
4
4
4
4
4
4
4
4
4
4
4
4
4
4
4
4
4
4
4
4
4
4
4
4
4
4
4
4
4
4
4
4
4
4
4
4
4
4
4
4
4
4
4
4
4
4
4
4
4
4
4
4
4
4
4
4
4
4
